[gd_scene load_steps=13 format=3 uid="uid://c25hgmtxg3e4w"]

[sub_resource type="CapsuleShape3D" id="CapsuleShape3D_egxv2"]
radius = 0.2
height = 0.75

[sub_resource type="CapsuleShape3D" id="CapsuleShape3D_rl5d8"]
radius = 0.1
height = 0.425

[sub_resource type="CapsuleShape3D" id="CapsuleShape3D_mujp0"]
radius = 0.06
height = 0.35

[sub_resource type="CapsuleShape3D" id="CapsuleShape3D_fok6k"]
radius = 0.05
height = 0.5

[sub_resource type="CapsuleShape3D" id="CapsuleShape3D_qskby"]
radius = 0.06
height = 0.35

[sub_resource type="CapsuleShape3D" id="CapsuleShape3D_osqyi"]
radius = 0.05
height = 0.5

[sub_resource type="CapsuleShape3D" id="CapsuleShape3D_eds7k"]
radius = 0.09
height = 0.48

[sub_resource type="CapsuleShape3D" id="CapsuleShape3D_a0j6x"]
radius = 0.09
height = 0.5

[sub_resource type="CapsuleShape3D" id="CapsuleShape3D_as6do"]
radius = 0.07
height = 0.32

[sub_resource type="CapsuleShape3D" id="CapsuleShape3D_iyud8"]
radius = 0.09
height = 0.5

[sub_resource type="CapsuleShape3D" id="CapsuleShape3D_b2nuk"]
radius = 0.09
height = 0.5

[sub_resource type="CapsuleShape3D" id="CapsuleShape3D_bngsr"]
radius = 0.07
height = 0.32

[node name="BoneSizes" type="Node3D"]

[node name="Physical Bone mixamorig_Spine2" type="PhysicalBone3D" parent="."]
transform = Transform3D(0.4047, -0.814537, -0.411088, 0.802314, 0.0999751, 0.584386, -0.438141, -0.570697, 0.690259, 0.124177, -0.177645, -1.18474)
collision_layer = 2
collision_mask = 2
joint_type = 1
joint_offset = Transform3D(1, -1.49012e-08, 6.10623e-16, 1.49012e-08, 1, -2.98023e-08, -1.66533e-16, 2.98023e-08, 1, 0.202543, 0.280051, -0.022561)
joint_rotation = Vector3(2.98023e-08, 6.10623e-16, 1.49012e-08)
body_offset = Transform3D(0.421263, -0.797621, -0.42709, 0.509999, 0.601128, -0.611544, 0.749597, 0.0400845, 0.656175, 0.128415, -0.28544, -0.148247)
bone_name = "mixamorig_Spine2"
joint_constraints/bias = 0.3
joint_constraints/damping = 1.0
joint_constraints/impulse_clamp = 0.0

[node name="CollisionShape3D" type="CollisionShape3D" parent="Physical Bone mixamorig_Spine2"]
transform = Transform3D(1, -8.19564e-08, -3.57628e-07, -5.96046e-08, 2.98023e-07, 1, 2.68221e-07, -1, 1.3411e-07, -0.00642032, 0.00315472, 0.248533)
shape = SubResource("CapsuleShape3D_egxv2")

[node name="Physical Bone mixamorig_Head" type="PhysicalBone3D" parent="."]
transform = Transform3D(-0.801392, 0.186356, -0.568755, -0.570696, -0.523022, 0.632862, -0.179606, 0.831792, 0.525472, 0.0276705, -0.483526, -1.40522)
collision_layer = 2
collision_mask = 2
joint_type = 1
joint_offset = Transform3D(1, 0, 0, 0, 1, 0, 0, 0, 1, -0.227561, -0.54511, 0.221289)
body_offset = Transform3D(-0.799347, 0.150376, -0.58212, 0.277023, -0.767369, -0.578498, -0.53337, -0.62345, 0.571484, 0.0288886, -0.227246, -0.587686)
bone_name = "mixamorig_Head"
joint_constraints/bias = 0.3
joint_constraints/damping = 1.0
joint_constraints/impulse_clamp = 0.0

[node name="CollisionShape3D" type="CollisionShape3D" parent="Physical Bone mixamorig_Head"]
transform = Transform3D(0.99681, 0.0546599, 0.0581486, -0.0797115, 0.64653, 0.758713, 0.00387629, -0.760928, 0.648826, 0.000687034, 0.0429414, -0.0117776)
shape = SubResource("CapsuleShape3D_rl5d8")

[node name="Physical Bone mixamorig_LeftArm" type="PhysicalBone3D" parent="."]
transform = Transform3D(0.229031, -0.887031, -0.398457, -0.916534, -0.0586773, -0.395085, 0.327354, 0.455021, -0.827334, -0.16859, -0.23338, -1.47827)
collision_layer = 2
collision_mask = 2
joint_type = 1
joint_offset = Transform3D(1, 0, 0, 0, 1, 0, 0, 0, 1, -0.128229, -0.373954, -0.208106)
body_offset = Transform3D(0.990005, 0.0263059, 0.137206, 0.127725, 0.225338, -0.965426, -0.0568092, 0.972544, 0.220155, 0.165338, -0.100267, 0.402218)
bone_name = "mixamorig_LeftArm"
joint_constraints/bias = 0.3
joint_constraints/damping = 1.0
joint_constraints/impulse_clamp = 0.0

[node name="CollisionShape3D" type="CollisionShape3D" parent="Physical Bone mixamorig_LeftArm"]
transform = Transform3D(0.992674, -0.108264, -0.0536475, 0.0448647, -0.081993, 0.995623, -0.112189, -0.990736, -0.0765348, 0.0169291, 0.02791, -0.00428551)
shape = SubResource("CapsuleShape3D_mujp0")

[node name="Physical Bone mixamorig_LeftForeArm" type="PhysicalBone3D" parent="."]
transform = Transform3D(-0.497453, -0.829191, -0.166926, -0.412904, 0.411929, -0.789603, 0.729198, -0.334343, -0.552312, 0.119202, -0.259555, -1.38865)
collision_layer = 2
collision_mask = 2
joint_type = 1
joint_offset = Transform3D(1, 0, 0, 0, 1, 0, 0, 0, 1, -0.13714, -0.0291839, -0.332577)
body_offset = Transform3D(0.570927, -0.658227, 0.454279, 0.380718, -0.260094, -0.859381, 0.691936, 0.684191, 0.107154, 0.21017, -0.241189, 0.150497)
bone_name = "mixamorig_LeftForeArm"
joint_constraints/bias = 0.3
joint_constraints/damping = 1.0
joint_constraints/impulse_clamp = 0.0

[node name="CollisionShape3D" type="CollisionShape3D" parent="Physical Bone mixamorig_LeftForeArm"]
transform = Transform3D(1.00014, 1.29938e-05, -2.98023e-08, 1.75834e-05, -5.96046e-06, 1, -2.14875e-05, -1.00012, -5.96046e-08, 0.0195275, -0.00179172, -0.144764)
shape = SubResource("CapsuleShape3D_fok6k")

[node name="Physical Bone mixamorig_RightArm" type="PhysicalBone3D" parent="."]
transform = Transform3D(-0.920878, 0.384698, -0.0696054, 0.384866, 0.860389, -0.332456, -0.0680736, -0.33265, -0.940261, 0.135771, -0.351231, -1.47074)
collision_layer = 2
collision_mask = 2
joint_type = 1
joint_offset = Transform3D(1, 0, 0, 0, 1, 0, 0, 0, 1, 0.479611, 0.152092, -0.0543658)
body_offset = Transform3D(0.477747, 0.869268, -0.122765, 0.244385, -0.26575, -0.93227, -0.844278, 0.415534, -0.339506, -0.368016, -0.127475, 0.323269)
bone_name = "mixamorig_RightArm"
joint_constraints/bias = 0.3
joint_constraints/damping = 1.0
joint_constraints/impulse_clamp = 0.0

[node name="CollisionShape3D" type="CollisionShape3D" parent="Physical Bone mixamorig_RightArm"]
transform = Transform3D(0.99529, 0.0910942, 0.0331402, -0.0316463, -0.0177956, 0.999341, 0.0916238, -0.995683, -0.0148288, 0.000444472, -0.00870937, 0.0243398)
shape = SubResource("CapsuleShape3D_qskby")

[node name="Physical Bone mixamorig_RightForeArm" type="PhysicalBone3D" parent="."]
transform = Transform3D(0.715745, 0.673949, 0.175479, -0.44616, 0.638907, -0.624257, -0.53325, 0.370007, 0.758364, 0.083419, -0.327695, -1.25618)
collision_layer = 2
collision_mask = 2
joint_type = 1
joint_offset = Transform3D(1, 0, 0, 0, 1, 0, 0, 0, 1, -0.425087, -0.0459949, -0.306156)
body_offset = Transform3D(-0.102164, 0.348811, -0.929453, -0.85264, 0.448443, 0.261626, 0.508206, 0.822522, 0.251544, -0.311942, -0.261722, 0.330875)
bone_name = "mixamorig_RightForeArm"
joint_constraints/bias = 0.3
joint_constraints/damping = 1.0
joint_constraints/impulse_clamp = 0.0

[node name="CollisionShape3D" type="CollisionShape3D" parent="Physical Bone mixamorig_RightForeArm"]
transform = Transform3D(1, 0, -2.06754e-07, 2.98023e-08, 7.45058e-09, 1, 0, -1, -1.00583e-07, -0.023534, 0.0138778, -0.161495)
shape = SubResource("CapsuleShape3D_osqyi")

[node name="Physical Bone mixamorig_LeftUpLeg" type="PhysicalBone3D" parent="."]
transform = Transform3D(-0.368658, -0.919011, 0.130744, -0.842313, 0.27275, -0.463303, 0.390121, -0.28043, -0.876469, -0.17624, 0.194133, -0.705035)
collision_layer = 2
collision_mask = 2
joint_type = 1
joint_offset = Transform3D(1, 0, 0, 0, 1, 0, 0, 0, 1, -0.0734455, -0.19587, 0.398227)
body_offset = Transform3D(0.472358, 0.850345, -0.227909, 0.167526, -0.339844, -0.92498, -0.864062, 0.399214, -0.30405, 0.292009, 0.314091, 0.135813)
bone_name = "mixamorig_LeftUpLeg"
joint_constraints/bias = 0.3
joint_constraints/damping = 1.0
joint_constraints/impulse_clamp = 0.0

[node name="CollisionShape3D" type="CollisionShape3D" parent="Physical Bone mixamorig_LeftUpLeg"]
transform = Transform3D(1, 2.08616e-07, -4.47035e-08, 0, 8.9407e-08, 0.999999, 0, -1, 8.9407e-08, 0.00418633, -0.0121641, -0.00842509)
shape = SubResource("CapsuleShape3D_eds7k")

[node name="Physical Bone mixamorig_LeftLeg" type="PhysicalBone3D" parent="."]
transform = Transform3D(-0.263576, -0.804832, -0.530427, -0.886174, 0.366332, -0.092057, 0.266278, 0.466708, -0.842615, -0.0413858, 0.327199, -0.178208)
collision_layer = 2
collision_mask = 2
joint_type = 1
joint_offset = Transform3D(1, 0, 0, 0, 1, 0, 0, 0, 1, 0.0489346, -0.41205, 0.25003)
body_offset = Transform3D(0.352879, 0.834886, 0.418433, 0.446385, 0.233312, -0.857483, -0.775923, 0.498625, -0.299229, 0.222126, 0.288689, 0.318244)
bone_name = "mixamorig_LeftLeg"
joint_constraints/bias = 0.3
joint_constraints/damping = 1.0
joint_constraints/impulse_clamp = 0.0

[node name="CollisionShape3D" type="CollisionShape3D" parent="Physical Bone mixamorig_LeftLeg"]
transform = Transform3D(1, -1.30385e-08, 0, 0, 3.72529e-08, 1, 9.31323e-08, -1, 7.07805e-08, -0.000863314, -0.00953192, -0.00612247)
shape = SubResource("CapsuleShape3D_a0j6x")

[node name="Physical Bone mixamorig_LeftFoot" type="PhysicalBone3D" parent="."]
transform = Transform3D(-0.466197, -0.256158, 0.853056, -0.880965, 0.220239, -0.422108, -0.0794621, -0.941382, -0.328449, 0.0239211, 0.419876, -0.0785158)
collision_layer = 2
collision_mask = 2
joint_type = 1
joint_offset = Transform3D(1, 0, 0, 0, 1, 0, 0, 0, 1, 0.297131, -0.118774, 0.350864)
body_offset = Transform3D(0.565727, 0.207837, -0.804023, -0.757133, -0.252625, -0.606223, -0.326577, 0.945163, 0.0122841, 0.138694, 0.407664, 0.204987)
bone_name = "mixamorig_LeftFoot"
joint_constraints/bias = 0.3
joint_constraints/damping = 1.0
joint_constraints/impulse_clamp = 0.0

[node name="CollisionShape3D" type="CollisionShape3D" parent="Physical Bone mixamorig_LeftFoot"]
transform = Transform3D(0.984533, -0.0496989, 0.168003, -0.139309, 0.359449, 0.922708, -0.106246, -0.93184, 0.346965, -0.00486451, -2.30968e-05, -0.0111938)
shape = SubResource("CapsuleShape3D_as6do")

[node name="Physical Bone mixamorig_RightUpLeg" type="PhysicalBone3D" parent="."]
transform = Transform3D(0.187372, -0.945799, 0.264571, -0.97716, -0.202093, -0.0306754, 0.0830846, -0.253188, -0.96371, -0.250537, -0.0817507, -0.690595)
collision_layer = 2
collision_mask = 2
joint_type = 1
joint_offset = Transform3D(1, 0, 0, 0, 1, 0, 0, 0, 1, -0.0662093, -0.0877027, 0.364785)
body_offset = Transform3D(0.15238, 0.981011, -0.113457, -0.158031, -0.0888326, -0.983132, -0.973983, 0.168803, 0.142287, 0.137514, 0.340377, -0.101586)
bone_name = "mixamorig_RightUpLeg"
joint_constraints/bias = 0.3
joint_constraints/damping = 1.0
joint_constraints/impulse_clamp = 0.0

[node name="CollisionShape3D" type="CollisionShape3D" parent="Physical Bone mixamorig_RightUpLeg"]
transform = Transform3D(0.996857, 0.0709565, -0.0352105, 0.0392753, -0.0567366, 0.997616, 0.0687893, -0.995864, -0.0593451, -0.015176, -0.00801744, -0.0403303)
shape = SubResource("CapsuleShape3D_iyud8")

[node name="Physical Bone mixamorig_RightLeg" type="PhysicalBone3D" parent="."]
transform = Transform3D(0.42447, -0.699697, -0.572411, -0.755637, -0.621268, 0.19967, -0.494887, 0.348046, -0.795435, -0.120713, -0.165738, -0.249992)
collision_layer = 2
collision_mask = 2
joint_type = 1
joint_offset = Transform3D(1, 0, 0, 0, 1, 0, 0, 0, 1, -0.0558062, -0.227227, 0.341311)
body_offset = Transform3D(-0.0929152, 0.82574, 0.553344, -0.321262, 0.500417, -0.803384, -0.940334, -0.252827, 0.219976, -0.00641677, 0.369984, -0.185006)
bone_name = "mixamorig_RightLeg"
joint_constraints/bias = 0.3
joint_constraints/damping = 1.0
joint_constraints/impulse_clamp = 0.0

[node name="CollisionShape3D" type="CollisionShape3D" parent="Physical Bone mixamorig_RightLeg"]
transform = Transform3D(1, 0, -2.98023e-08, -1.93715e-07, 0, 1, 2.98023e-08, -1, 5.96046e-08, -0.0151865, 0.00489854, 0.0134846)
shape = SubResource("CapsuleShape3D_b2nuk")

[node name="Physical Bone mixamorig_RightFoot" type="PhysicalBone3D" parent="."]
transform = Transform3D(0.215259, -0.64293, 0.735977, -0.965299, -0.256133, 0.0586516, 0.150658, -0.723579, -0.674375, -0.140589, -0.280528, 0.0213007)
collision_layer = 2
collision_mask = 2
joint_type = 1
joint_offset = Transform3D(1, 0, 0, 0, 1, 0, 0, 0, 1, -0.276789, 0.0579609, 0.0582502)
body_offset = Transform3D(0.0666091, 0.673419, -0.736639, -0.782582, -0.423512, -0.45725, -0.619641, 0.60764, 0.497881, 0.022314, -0.165428, -0.235731)
bone_name = "mixamorig_RightFoot"
joint_constraints/bias = 0.3
joint_constraints/damping = 1.0
joint_constraints/impulse_clamp = 0.0

[node name="CollisionShape3D" type="CollisionShape3D" parent="Physical Bone mixamorig_RightFoot"]
transform = Transform3D(0.965102, 0.130851, -0.226837, 0.134016, 0.497398, 0.857108, 0.224982, -0.857597, 0.462503, 0.000175655, 0.00348785, 0.00297198)
shape = SubResource("CapsuleShape3D_bngsr")
